0 2665 1
1 2664 0
2 3067 3
3 3066 2
4 2009 5
5 2008 4
6 1945 7
7 1944 6
8 3683 9
9 3682 8
10 3291 11
11 3290 10
12 151 13
13 150 12
14 3717 15
15 3716 14
16 2275 17
17 2274 16
18 2205 19
19 2204 18
20 1869 21
21 1868 20
22 1385 23
23 1384 22
24 849 25
25 848 24
26 2611 27
27 2610 26
28 2443 29
29 2442 28
30 3343 31
31 3342 30
32 2797 33
33 2796 32
34 3657 35
35 3656 34
36 1075 37
37 1074 36
38 2909 39
39 2908 38
40 2497 41
41 2496 40
42 3681 43
43 3680 42
44 1095 45
45 1094 44
46 1339 47
47 1338 46
48 1475 49
49 1474 48
50 929 51
51 928 50
52 323 53
53 322 52
54 2317 55
55 2316 54
56 2543 57
57 2542 56
58 2707 59
59 2706 58
60 3643 61
61 3642 60
62 1525 63
63 1524 62
64 439 65
65 438 64
66 219 67
67 218 66
68 2069 69
69 2068 68
70 585 71
71 584 70
72 131 73
73 130 72
74 3237 75
75 3236 74
76 1687 77
77 1686 76
78 2461 79
79 2460 78
80 1881 81
81 1880 80
82 2161 83
83 2160 82
84 3639 85
85 3638 84
86 2635 87
87 2634 86
88 329 89
89 328 88
90 3365 91
91 3364 90
92 677 93
93 676 92
94 3057 95
95 3056 94
96 3525 97
97 3524 96
98 801 99
99 800 98
100 819 101
101 818 100
102 3493 103
103 3492 102
104 1897 105
105 1896 104
106 3411 107
107 3410 106
108 849 109
109 848 108
110 2063 111
111 2062 110
112 969 113
113 968 112
114 2435 115
115 2434 114
116 1163 117
117 1162 116
118 2873 119
119 2872 118
120 3383 121
121 3382 120
122 3721 123
123 3720 122
124 2471 125
125 2470 124
126 547 127
127 546 126
128 2307 129
129 2306 128
130 179 131
131 178 130
132 1331 133
133 1330 132
134 221 135
135 220 134
136 1597 137
137 1596 136
138 3373 139
139 3372 138
140 3273 141
141 3272 140
142 1071 143
143 1070 142
144 2797 145
145 2796 144
146 3267 147
147 3266 146
148 1177 149
149 1176 148
150 631 151
151 630 150
152 2279 153
153 2278 152
154 1585 155
155 1584 154
156 63 157
157 62 156
158 3097 159
159 3096 158
160 2365 161
161 2364 160
162 3403 163
163 3402 162
164 2909 165
165 2908 164
166 2561 167
167 2560 166
168 2701 169
169 2700 168
170 3349 171
171 3348 170
172 1495 173
173 1494 172
174 915 175
175 914 174
176 3003 177
177 3002 176
178 3653 179
179 3652 178
180 2275 181
181 2274 180
182 1759 183
183 1758 182
184 507 185
185 506 184
186 333 187
187 332 186
188 3671 189
189 3670 188
190 133 191
191 132 190
192 2531 193
193 2530 192
194 2883 195
195 2882 194
196 2987 197
197 2986 196
198 1041 199
199 1040 198
200 2005 201
201 2004 200
202 3429 203
203 3428 202
204 1883 205
205 1882 204
206 1593 207
207 1592 206
208 3231 209
209 3230 208
210 2125 211
211 2124 210
212 1497 213
213 1496 212
214 2971 215
215 2970 214
216 1421 217
217 1420 216
218 207 219
219 206 218
220 2463 221
221 2462 220
222 587 223
223 586 222
224 1335 225
225 1334 224
226 57 227
227 56 226
228 775 229
229 774 228
230 1055 231
231 1054 230
232 511 233
233 510 232
234 3171 235
235 3170 234
236 2337 237
237 2336 236
238 2309 239
239 2308 238
240 435 241
241 434 240
242 869 243
243 868 242
244 859 245
245 858 244
246 2467 247
247 2466 246
248 1735 249
249 1734 248
250 1289 251
251 1288 250
252 335 253
253 334 252
254 1993 255
255 1992 254
256 2431 257
257 2430 256
258 2629 259
259 2628 258
260 885 261
261 884 260
262 397 263
263 396 262
264 247 265
265 246 264
266 523 267
267 522 266
268 447 269
269 446 268
270 2767 271
271 2766 270
272 1635 273
273 1634 272
274 745 275
275 744 274
276 963 277
277 962 276
278 2735 279
279 2734 278
280 3357 281
281 3356 280
282 1537 283
283 1536 282
284 1069 285
285 1068 284
286 89 287
287 88 286
288 3559 289
289 3558 288
290 1835 291
291 1834 290
292 2417 293
293 2416 292
294 2825 295
295 2824 294
296 429 297
297 428 296
298 2647 299
299 2646 298
300 499 301
301 498 300
302 87 303
303 86 302
304 2097 305
305 2096 304
306 317 307
307 316 306
308 1941 309
309 1940 308
310 1119 311
311 1118 310
312 715 313
313 714 312
314 1939 315
315 1938 314
316 2687 317
317 2686 316
318 757 319
319 756 318
320 3349 321
321 3348 320
322 2031 323
323 2030 322
324 545 325
325 544 324
326 2111 327
327 2110 326
328 381 329
329 380 328
330 2331 331
331 2330 330
332 2003 333
333 2002 332
334 3157 335
335 3156 334
336 3233 337
337 3232 336
338 3253 339
339 3252 338
340 3357 341
341 3356 340
342 2573 343
343 2572 342
344 3325 345
345 3324 344
346 1011 347
347 1010 346
348 1089 349
349 1088 348
350 3583 351
351 3582 350
352 793 353
353 792 352
354 3119 355
355 3118 354
356 2195 357
357 2194 356
358 2425 359
359 2424 358
360 1059 361
361 1058 360
362 2123 363
363 2122 362
364 3109 365
365 3108 364
366 3297 367
367 3296 366
368 3137 369
369 3136 368
370 1593 371
371 1592 370
372 403 373
373 402 372
374 521 375
375 520 374
376 1357 377
377 1356 376
378 2513 379
379 2512 378
380 1021 381
381 1020 380
382 2853 383
383 2852 382
384 1181 385
385 1180 384
386 3143 387
387 3142 386
388 1905 389
389 1904 388
390 1165 391
391 1164 390
392 1319 393
393 1318 392
394 1087 395
395 1086 394
396 2985 397
397 2984 396
398 2019 399
399 2018 398
400 2841 401
401 2840 400
402 3071 403
403 3070 402
404 3647 405
405 3646 404
406 347 407
407 346 406
408 2295 409
409 2294 408
410 1235 411
411 1234 410
412 1263 413
413 1262 412
414 31 415
415 30 414
416 3477 417
417 3476 416
418 1283 419
419 1282 418
420 403 421
421 402 420
422 3341 423
423 3340 422
424 2639 425
425 2638 424
426 1921 427
427 1920 426
428 2087 429
429 2086 428
430 1329 431
431 1328 430
432 2625 433
433 2624 432
434 2827 435
435 2826 434
436 2161 437
437 2160 436
438 2901 439
439 2900 438
440 2813 441
441 2812 440
442 2629 443
443 2628 442
444 2287 445
445 2286 444
446 3333 447
447 3332 446
448 3151 449
449 3150 448
450 1985 451
451 1984 450
452 735 453
453 734 452
454 931 455
455 930 454
456 2839 457
457 2838 456
458 3485 459
459 3484 458
460 2201 461
461 2200 460
462 3283 463
463 3282 462
464 2061 465
465 2060 464
466 1323 467
467 1322 466
468 2597 469
469 2596 468
470 3057 471
471 3056 470
472 2585 473
473 2584 472
474 555 475
475 554 474
476 1011 477
477 1010 476
478 245 479
479 244 478
480 665 481
481 664 480
482 2681 483
483 2680 482
484 109 485
485 108 484
486 1715 487
487 1714 486
488 1965 489
489 1964 488
490 1609 491
491 1608 490
492 1159 493
493 1158 492
494 2711 495
495 2710 494
496 3543 497
497 3542 496
498 227 499
499 226 498
500 2515 501
501 2514 500
502 2335 503
503 2334 502
504 1435 505
505 1434 504
506 1289 507
507 1288 506
508 3425 509
509 3424 508
510 1951 511
511 1950 510
512 1763 513
513 1762 512
514 3281 515
515 3280 514
516 1639 517
517 1638 516
518 695 519
519 694 518
520 3655 521
521 3654 520
522 41 523
523 40 522
524 1575 525
525 1574 524
526 2591 527
527 2590 526
528 1861 529
529 1860 528
530 1289 531
531 1288 530
532 2975 533
533 2974 532
534 707 535
535 706 534
536 2043 537
537 2042 536
538 1263 539
539 1262 538
540 3505 541
541 3504 540
542 3277 543
543 3276 542
544 2917 545
545 2916 544
546 5 547
547 4 546
548 1251 549
549 1250 548
550 117 551
551 116 550
552 3101 553
553 3100 552
554 269 555
555 268 554
556 2137 557
557 2136 556
558 3589 559
559 3588 558
560 2301 561
561 2300 560
562 2423 563
563 2422 562
564 1081 565
565 1080 564
566 2979 567
567 2978 566
568 2793 569
569 2792 568
570 2669 571
571 2668 570
572 149 573
573 148 572
574 2701 575
575 2700 574
576 545 577
577 544 576
578 2621 579
579 2620 578
580 3711 581
581 3710 580
582 2639 583
583 2638 582
584 1251 585
585 1250 584
586 735 587
587 734 586
588 1531 589
589 1530 588
590 1715 591
591 1714 590
592 1721 593
593 1720 592
594 3483 595
595 3482 594
596 2427 597
597 2426 596
598 2839 599
599 2838 598
600 133 601
601 132 600
602 1177 603
603 1176 602
604 1623 605
605 1622 604
606 3719 607
607 3718 606
608 3417 609
609 3416 608
610 2741 611
611 2740 610
612 1979 613
613 1978 612
614 2785 615
615 2784 614
616 3377 617
617 3376 616
618 2555 619
619 2554 618
620 3077 621
621 3076 620
622 3197 623
623 3196 622
624 1659 625
625 1658 624
626 3507 627
627 3506 626
628 161 629
629 160 628
630 535 631
631 534 630
632 2103 633
633 2102 632
634 2417 635
635 2416 634
636 3729 637
637 3728 636
638 699 639
639 698 638
640 2181 641
641 2180 640
642 203 643
643 202 642
644 1817 645
645 1816 644
646 117 647
647 116 646
648 3261 649
649 3260 648
650 1777 651
651 1776 650
652 2109 653
653 2108 652
654 79 655
655 78 654
656 909 657
657 908 656
658 213 659
659 212 658
660 2229 661
661 2228 660
662 2885 663
663 2884 662
664 2997 665
665 2996 664
666 2339 667
667 2338 666
668 2707 669
669 2706 668
670 1431 671
671 1430 670
672 715 673
673 714 672
674 2715 675
675 2714 674
676 3737 677
677 3736 676
678 1813 679
679 1812 678
680 1467 681
681 1466 680
682 2755 683
683 2754 682
684 841 685
685 840 684
686 115 687
687 114 686
688 303 689
689 302 688
690 3589 691
691 3588 690
692 2583 693
693 2582 692
694 3561 695
695 3560 694
696 71 697
697 70 696
698 1633 699
699 1632 698
700 3183 701
701 3182 700
702 767 703
703 766 702
704 317 705
705 316 704
706 1051 707
707 1050 706
708 1485 709
709 1484 708
710 1791 711
711 1790 710
712 1771 713
713 1770 712
714 1583 715
715 1582 714
716 1313 717
717 1312 716
718 2423 719
719 2422 718
720 2675 721
721 2674 720
722 927 723
723 926 722
724 3577 725
725 3576 724
726 2805 727
727 2804 726
728 287 729
729 286 728
730 1743 731
731 1742 730
732 2225 733
733 2224 732
734 2557 735
735 2556 734
736 589 737
737 588 736
738 2655 739
739 2654 738
740 2369 741
741 2368 740
742 1585 743
743 1584 742
744 3205 745
745 3204 744
746 2635 747
747 2634 746
748 437 749
749 436 748
750 2059 751
751 2058 750
752 2225 753
753 2224 752
754 3003 755
755 3002 754
756 939 757
757 938 756
758 2385 759
759 2384 758
760 979 761
761 978 760
762 3537 763
763 3536 762
764 1743 765
765 1742 764
766 2865 767
767 2864 766
768 707 769
769 706 768
770 253 771
771 252 770
772 1265 773
773 1264 772
774 69 775
775 68 774
776 3259 777
777 3258 776
778 885 779
779 884 778
780 1755 781
781 1754 780
782 2293 783
783 2292 782
784 2201 785
785 2200 784
786 255 787
787 254 786
788 3717 789
789 3716 788
790 863 791
791 862 790
792 359 793
793 358 792
794 2575 795
795 2574 794
796 2661 797
797 2660 796
798 2125 799
799 2124 798
800 277 801
801 276 800
802 2641 803
803 2640 802
804 499 805
805 498 804
806 2049 807
807 2048 806
808 2925 809
809 2924 808
810 1511 811
811 1510 810
812 243 813
813 242 812
814 2987 815
815 2986 814
816 727 817
817 726 816
818 3737 819
819 3736 818
820 179 821
821 178 820
822 599 823
823 598 822
824 979 825
825 978 824
826 1989 827
827 1988 826
828 3131 829
829 3130 828
830 1083 831
831 1082 830
832 3515 833
833 3514 832
834 2139 835
835 2138 834
836 101 837
837 100 836
838 1923 839
839 1922 838
840 161 841
841 160 840
842 3145 843
843 3144 842
844 1429 845
845 1428 844
846 745 847
847 744 846
848 2943 849
849 2942 848
850 2837 851
851 2836 850
852 2899 853
853 2898 852
854 2895 855
855 2894 854
856 3247 857
857 3246 856
858 2467 859
859 2466 858
860 3533 861
861 3532 860
862 2371 863
863 2370 862
864 1261 865
865 1260 864
866 1879 867
867 1878 866
868 939 869
869 938 868
870 761 871
871 760 870
872 509 873
873 508 872
874 1139 875
875 1138 874
876 281 877
877 280 876
878 1437 879
879 1436 878
880 2785 881
881 2784 880
882 1423 883
883 1422 882
884 2325 885
885 2324 884
886 1713 887
887 1712 886
888 3417 889
889 3416 888
890 3167 891
891 3166 890
892 2661 893
893 2660 892
894 5 895
895 4 894
896 1525 897
897 1524 896
898 359 899
899 358 898
900 3669 901
901 3668 900
902 2167 903
903 2166 902
904 3379 905
905 3378 904
906 2713 907
907 2712 906
908 911 909
909 910 908
910 1043 911
911 1042 910
912 469 913
913 468 912
914 2637 915
915 2636 914
916 339 917
917 338 916
918 2787 919
919 2786 918
920 779 921
921 778 920
922 1845 923
923 1844 922
924 1235 925
925 1234 924
926 2409 927
927 2408 926
928 315 929
929 314 928
930 2911 931
931 2910 930
932 2491 933
933 2490 932
934 3625 935
935 3624 934
936 3391 937
937 3390 936
938 2463 939
939 2462 938
940 191 941
941 190 940
942 2057 943
943 2056 942
944 1009 945
945 1008 944
946 181 947
947 180 946
948 2979 949
949 2978 948
950 3461 951
951 3460 950
952 729 953
953 728 952
954 3297 955
955 3296 954
956 3443 957
957 3442 956
958 3017 959
959 3016 958
960 605 961
961 604 960
962 3415 963
963 3414 962
964 599 965
965 598 964
966 3007 967
967 3006 966
968 561 969
969 560 968
970 2531 971
971 2530 970
972 1987 973
973 1986 972
974 3567 975
975 3566 974
976 2551 977
977 2550 976
978 175 979
979 174 978
980 411 981
981 410 980
982 825 983
983 824 982
984 3503 985
985 3502 984
986 3501 987
987 3500 986
988 921 989
989 920 988
990 667 991
991 666 990
992 2945 993
993 2944 992
994 427 995
995 426 994
996 2879 997
997 2878 996
998 1701 999
999 1700 998
1000 1885 1001
1001 1884 1000
1002 3233 1003
1003 3232 1002
1004 655 1005
1005 654 1004
1006 2449 1007
1007 2448 1006
1008 1861 1009
1009 1860 1008
1010 2585 1011
1011 2584 1010
1012 3437 1013
1013 3436 1012
1014 1519 1015
1015 1518 1014
1016 3271 1017
1017 3270 1016
1018 1565 1019
1019 1564 1018
1020 3205 1021
1021 3204 1020
1022 253 1023
1023 252 1022
1024 2783 1025
1025 2782 1024
1026 2771 1027
1027 2770 1026
1028 2085 1029
1029 2084 1028
1030 2775 1031
1031 2774 1030
1032 1723 1033
1033 1722 1032
1034 2267 1035
1035 2266 1034
1036 847 1037
1037 846 1036
1038 1051 1039
1039 1050 1038
1040 1415 1041
1041 1414 1040
1042 2085 1043
1043 2084 1042
1044 3641 1045
1045 3640 1044
1046 2281 1047
1047 2280 1046
1048 2789 1049
1049 2788 1048
1050 2941 1051
1051 2940 1050
1052 1709 1053
1053 1708 1052
1054 23 1055
1055 22 1054
1056 2059 1057
1057 2058 1056
1058 257 1059
1059 256 1058
1060 3627 1061
1061 3626 1060
1062 1255 1063
1063 1254 1062
1064 2681 1065
1065 2680 1064
1066 1125 1067
1067 1124 1066
1068 3609 1069
1069 3608 1068
1070 3503 1071
1071 3502 1070
1072 1001 1073
1073 1000 1072
1074 2475 1075
1075 2474 1074
1076 1581 1077
1077 1580 1076
1078 2207 1079
1079 2206 1078
1080 3283 1081
1081 3282 1080
1082 3309 1083
1083 3308 1082
1084 2373 1085
1085 2372 1084
1086 3393 1087
1087 3392 1086
1088 1369 1089
1089 1368 1088
1090 1519 1091
1091 1518 1090
1092 2521 1093
1093 2520 1092
1094 2747 1095
1095 2746 1094
1096 2751 1097
1097 2750 1096
1098 2499 1099
1099 2498 1098
1100 401 1101
1101 400 1100
1102 1381 1103
1103 1380 1102
1104 1325 1105
1105 1324 1104
1106 1399 1107
1107 1398 1106
1108 3475 1109
1109 3474 1108
1110 807 1111
1111 806 1110
1112 1307 1113
1113 1306 1112
1114 779 1115
1115 778 1114
1116 2167 1117
1117 2166 1116
1118 897 1119
1119 896 1118
1120 2585 1121
1121 2584 1120
1122 2165 1123
1123 2164 1122
1124 1721 1125
1125 1720 1124
1126 2931 1127
1127 2930 1126
1128 3281 1129
1129 3280 1128
1130 727 1131
1131 726 1130
1132 2847 1133
1133 2846 1132
1134 1207 1135
1135 1206 1134
1136 1961 1137
1137 1960 1136
1138 3663 1139
1139 3662 1138
1140 3171 1141
1141 3170 1140
1142 1921 1143
1143 1920 1142
1144 1787 1145
1145 1786 1144
1146 1399 1147
1147 1398 1146
1148 431 1149
1149 430 1148
1150 1735 1151
1151 1734 1150
1152 585 1153
1153 584 1152
1154 3439 1155
1155 3438 1154
1156 2883 1157
1157 2882 1156
1158 1437 1159
1159 1436 1158
1160 869 1161
1161 868 1160
1162 2753 1163
1163 2752 1162
1164 915 1165
1165 914 1164
1166 2967 1167
1167 2966 1166
1168 1309 1169
1169 1308 1168
1170 831 1171
1171 830 1170
1172 1383 1173
1173 1382 1172
1174 2553 1175
1175 2552 1174
1176 1075 1177
1177 1074 1176
1178 3003 1179
1179 3002 1178
1180 89 1181
1181 88 1180
1182 847 1183
1183 846 1182
1184 3243 1185
1185 3242 1184
1186 1655 1187
1187 1654 1186
1188 1601 1189
1189 1600 1188
1190 573 1191
1191 572 1190
1192 659 1193
1193 658 1192
1194 2423 1195
1195 2422 1194
1196 2567 1197
1197 2566 1196
1198 3617 1199
1199 3616 1198
1200 1137 1201
1201 1136 1200
1202 2865 1203
1203 2864 1202
1204 3393 1205
1205 3392 1204
1206 1057 1207
1207 1056 1206
1208 273 1209
1209 272 1208
1210 699 1211
1211 698 1210
1212 2507 1213
1213 2506 1212
1214 931 1215
1215 930 1214
1216 397 1217
1217 396 1216
1218 3069 1219
1219 3068 1218
1220 867 1221
1221 866 1220
1222 2843 1223
1223 2842 1222
1224 1275 1225
1225 1274 1224
1226 2257 1227
1227 2256 1226
1228 1937 1229
1229 1936 1228
1230 1489 1231
1231 1488 1230
1232 759 1233
1233 758 1232
1234 1597 1235
1235 1596 1234
1236 771 1237
1237 770 1236
1238 3199 1239
1239 3198 1238
1240 741 1241
1241 740 1240
1242 2243 1243
1243 2242 1242
1244 3477 1245
1245 3476 1244
1246 2525 1247
1247 2524 1246
1248 843 1249
1249 842 1248
1250 1735 1251
1251 1734 1250
1252 2847 1253
1253 2846 1252
1254 2661 1255
1255 2660 1254
1256 2059 1257
1257 2058 1256
1258 3371 1259
1259 3370 1258
1260 1009 1261
1261 1008 1260
1262 2313 1263
1263 2312 1262
1264 1873 1265
1265 1872 1264
1266 3535 1267
1267 3534 1266
1268 1867 1269
1269 1866 1268
1270 1851 1271
1271 1850 1270
1272 2571 1273
1273 2570 1272
1274 3735 1275
1275 3734 1274
1276 1909 1277
1277 1908 1276
1278 1313 1279
1279 1312 1278
1280 3617 1281
1281 3616 1280
1282 3151 1283
1283 3150 1282
1284 2181 1285
1285 2180 1284
1286 3347 1287
1287 3346 1286
1288 3109 1289
1289 3108 1288
1290 1191 1291
1291 1190 1290
1292 2603 1293
1293 2602 1292
1294 675 1295
1295 674 1294
1296 3469 1297
1297 3468 1296
1298 2003 1299
1299 2002 1298
1300 1873 1301
1301 1872 1300
1302 213 1303
1303 212 1302
1304 239 1305
1305 238 1304
1306 3143 1307
1307 3142 1306
1308 2117 1309
1309 2116 1308
1310 1935 1311
1311 1934 1310
1312 615 1313
1313 614 1312
1314 1933 1315
1315 1932 1314
1316 2807 1317
1317 2806 1316
1318 769 1319
1319 768 1318
1320 2921 1321
1321 2920 1320
1322 2195 1323
1323 2194 1322
1324 2865 1325
1325 2864 1324
1326 2549 1327
1327 2548 1326
1328 1725 1329
1329 1724 1328
1330 2985 1331
1331 2984 1330
1332 3059 1333
1333 3058 1332
1334 3319 1335
1335 3318 1334
1336 2289 1337
1337 2288 1336
1338 1783 1339
1339 1782 1338
1340 797 1341
1341 796 1340
1342 2287 1343
1343 2286 1342
1344 3409 1345
1345 3408 1344
1346 3679 1347
1347 3678 1346
1348 2255 1349
1349 2254 1348
1350 109 1351
1351 108 1350
1352 2609 1353
1353 2608 1352
1354 2087 1355
1355 2086 1354
1356 723 1357
1357 722 1356
1358 2773 1359
1359 2772 1358
1360 2777 1361
1361 2776 1360
1362 2333 1363
1363 2332 1362
1364 601 1365
1365 600 1364
1366 2197 1367
1367 2196 1366
1368 2071 1369
1369 2070 1368
1370 2153 1371
1371 2152 1370
1372 2279 1373
1373 2278 1372
1374 1919 1375
1375 1918 1374
1376 2449 1377
1377 2448 1376
1378 1839 1379
1379 1838 1378
1380 103 1381
1381 102 1380
1382 3117 1383
1383 3116 1382
1384 531 1385
1385 530 1384
1386 1161 1387
1387 1160 1386
1388 3023 1389
1389 3022 1388
1390 2807 1391
1391 2806 1390
1392 3107 1393
1393 3106 1392
1394 3117 1395
1395 3116 1394
1396 1315 1397
1397 1314 1396
1398 3203 1399
1399 3202 1398
1400 1147 1401
1401 1146 1400
1402 1415 1403
1403 1414 1402
1404 863 1405
1405 862 1404
1406 2933 1407
1407 2932 1406
1408 2319 1409
1409 2318 1408
1410 2715 1411
1411 2714 1410
1412 3291 1413
1413 3290 1412
1414 2303 1415
1415 2302 1414
1416 1337 1417
1417 1336 1416
1418 2535 1419
1419 2534 1418
1420 2353 1421
1421 2352 1420
1422 2761 1423
1423 2760 1422
1424 3101 1425
1425 3100 1424
1426 3213 1427
1427 3212 1426
1428 1041 1429
1429 1040 1428
1430 1301 1431
1431 1300 1430
1432 3665 1433
1433 3664 1432
1434 2607 1435
1435 2606 1434
1436 931 1437
1437 930 1436
1438 3633 1439
1439 3632 1438
1440 3573 1441
1441 3572 1440
1442 801 1443
1443 800 1442
1444 3459 1445
1445 3458 1444
1446 3231 1447
1447 3230 1446
1448 899 1449
1449 898 1448
1450 311 1451
1451 310 1450
1452 1615 1453
1453 1614 1452
1454 2135 1455
1455 2134 1454
1456 599 1457
1457 598 1456
1458 2897 1459
1459 2896 1458
1460 2293 1461
1461 2292 1460
1462 1799 1463
1463 1798 1462
1464 3113 1465
1465 3112 1464
1466 199 1467
1467 198 1466
1468 2145 1469
1469 2144 1468
1470 377 1471
1471 376 1470
1472 1761 1473
1473 1760 1472
1474 477 1475
1475 476 1474
1476 923 1477
1477 922 1476
1478 1967 1479
1479 1966 1478
1480 1033 1481
1481 1032 1480
1482 3735 1483
1483 3734 1482
1484 3449 1485
1485 3448 1484
1486 2679 1487
1487 2678 1486
1488 1905 1489
1489 1904 1488
1490 3237 1491
1491 3236 1490
1492 3569 1493
1493 3568 1492
1494 267 1495
1495 266 1494
1496 2561 1497
1497 2560 1496
1498 1691 1499
1499 1690 1498
1500 2637 1501
1501 2636 1500
1502 1297 1503
1503 1296 1502
1504 3515 1505
1505 3514 1504
1506 3639 1507
1507 3638 1506
1508 2705 1509
1509 2704 1508
1510 2983 1511
1511 2982 1510
1512 1779 1513
1513 1778 1512
1514 1457 1515
1515 1456 1514
1516 3087 1517
1517 3086 1516
1518 101 1519
1519 100 1518
1520 2211 1521
1521 2210 1520
1522 2919 1523
1523 2918 1522
1524 2703 1525
1525 2702 1524
1526 3475 1527
1527 3474 1526
1528 2509 1529
1529 2508 1528
1530 3001 1531
1531 3000 1530
1532 1275 1533
1533 1274 1532
1534 3403 1535
1535 3402 1534
1536 2345 1537
1537 2344 1536
1538 1325 1539
1539 1324 1538
1540 589 1541
1541 588 1540
1542 3513 1543
1543 3512 1542
1544 1891 1545
1545 1890 1544
1546 1637 1547
1547 1636 1546
1548 2205 1549
1549 2204 1548
1550 2199 1551
1551 2198 1550
1552 2595 1553
1553 2594 1552
1554 2177 1555
1555 2176 1554
1556 3437 1557
1557 3436 1556
1558 3271 1559
1559 3270 1558
1560 5 1561
1561 4 1560
1562 2939 1563
1563 2938 1562
1564 2627 1565
1565 2626 1564
1566 2555 1567
1567 2554 1566
1568 1503 1569
1569 1502 1568
1570 747 1571
1571 746 1570
1572 1361 1573
1573 1360 1572
1574 3669 1575
1575 3668 1574
1576 3415 1577
1577 3414 1576
1578 1083 1579
1579 1082 1578
1580 491 1581
1581 490 1580
1582 691 1583
1583 690 1582
1584 3109 1585
1585 3108 1584
1586 2949 1587
1587 2948 1586
1588 2191 1589
1589 2190 1588
1590 2033 1591
1591 2032 1590
1592 3569 1593
1593 3568 1592
1594 641 1595
1595 640 1594
1596 1689 1597
1597 1688 1596
1598 1119 1599
1599 1118 1598
1600 1495 1601
1601 1494 1600
1602 3055 1603
1603 3054 1602
1604 2071 1605
1605 2070 1604
1606 2225 1607
1607 2224 1606
1608 1989 1609
1609 1988 1608
1610 1051 1611
1611 1050 1610
1612 2531 1613
1613 2530 1612
1614 1429 1615
1615 1428 1614
1616 1985 1617
1617 1984 1616
1618 1693 1619
1619 1692 1618
1620 85 1621
1621 84 1620
1622 1303 1623
1623 1302 1622
1624 2141 1625
1625 2140 1624
1626 549 1627
1627 548 1626
1628 701 1629
1629 700 1628
1630 969 1631
1631 968 1630
1632 1441 1633
1633 1440 1632
1634 553 1635
1635 552 1634
1636 1841 1637
1637 1840 1636
1638 3491 1639
1639 3490 1638
1640 1071 1641
1641 1070 1640
1642 3431 1643
1643 3430 1642
1644 193 1645
1645 192 1644
1646 3431 1647
1647 3430 1646
1648 3567 1649
1649 3566 1648
1650 3671 1651
1651 3670 1650
1652 3039 1653
1653 3038 1652
1654 2693 1655
1655 2692 1654
1656 2287 1657
1657 2286 1656
1658 1145 1659
1659 1144 1658
1660 2267 1661
1661 2266 1660
1662 2535 1663
1663 2534 1662
1664 1905 1665
1665 1904 1664
1666 1513 1667
1667 1512 1666
1668 1443 1669
1669 1442 1668
1670 3407 1671
1671 3406 1670
1672 2035 1673
1673 2034 1672
1674 761 1675
1675 760 1674
1676 77 1677
1677 76 1676
1678 351 1679
1679 350 1678
1680 1897 1681
1681 1896 1680
1682 1455 1683
1683 1454 1682
1684 3635 1685
1685 3634 1684
1686 1057 1687
1687 1056 1686
1688 1161 1689
1689 1160 1688
1690 1251 1691
1691 1250 1690
1692 3561 1693
1693 3560 1692
1694 1571 1695
1695 1570 1694
1696 795 1697
1697 794 1696
1698 799 1699
1699 798 1698
1700 675 1701
1701 674 1700
1702 1679 1703
1703 1678 1702
1704 1523 1705
1705 1522 1704
1706 1187 1707
1707 1186 1706
1708 3627 1709
1709 3626 1708
1710 1449 1711
1711 1448 1710
1712 3307 1713
1713 3306 1712
1714 43 1715
1715 42 1714
1716 2661 1717
1717 2660 1716
1718 675 1719
1719 674 1718
1720 421 1721
1721 420 1720
1722 1947 1723
1723 1946 1722
1724 1443 1725
1725 1442 1724
1726 565 1727
1727 564 1726
1728 423 1729
1729 422 1728
1730 873 1731
1731 872 1730
1732 3119 1733
1733 3118 1732
1734 925 1735
1735 924 1734
1736 3099 1737
1737 3098 1736
1738 2291 1739
1739 2290 1738
1740 2683 1741
1741 2682 1740
1742 1709 1743
1743 1708 1742
1744 2155 1745
1745 2154 1744
1746 3719 1747
1747 3718 1746
1748 2395 1749
1749 2394 1748
1750 819 1751
1751 818 1750
1752 2909 1753
1753 2908 1752
1754 1539 1755
1755 1538 1754
1756 2523 1757
1757 2522 1756
1758 567 1759
1759 566 1758
1760 369 1761
1761 368 1760
1762 3133 1763
1763 3132 1762
1764 1855 1765
1765 1854 1764
1766 1635 1767
1767 1634 1766
1768 3021 1769
1769 3020 1768
1770 211 1771
1771 210 1770
1772 3547 1773
1773 3546 1772
1774 901 1775
1775 900 1774
1776 921 1777
1777 920 1776
1778 3539 1779
1779 3538 1778
1780 533 1781
1781 532 1780
1782 2417 1783
1783 2416 1782
1784 1333 1785
1785 1332 1784
1786 2113 1787
1787 2112 1786
1788 3 1789
1789 2 1788
1790 273 1791
1791 272 1790
1792 355 1793
1793 354 1792
1794 2847 1795
1795 2846 1794
1796 2161 1797
1797 2160 1796
1798 3073 1799
1799 3072 1798
1800 2281 1801
1801 2280 1800
1802 251 1803
1803 250 1802
1804 1323 1805
1805 1322 1804
1806 813 1807
1807 812 1806
1808 2735 1809
1809 2734 1808
1810 763 1811
1811 762 1810
1812 1431 1813
1813 1430 1812
1814 1217 1815
1815 1216 1814
1816 1087 1817
1817 1086 1816
1818 3387 1819
1819 3386 1818
1820 3059 1821
1821 3058 1820
1822 133 1823
1823 132 1822
1824 2171 1825
1825 2170 1824
1826 1397 1827
1827 1396 1826
1828 1357 1829
1829 1356 1828
1830 3563 1831
1831 3562 1830
1832 2161 1833
1833 2160 1832
1834 1179 1835
1835 1178 1834
1836 717 1837
1837 716 1836
1838 2249 1839
1839 2248 1838
1840 2825 1841
1841 2824 1840
1842 1435 1843
1843 1434 1842
1844 1567 1845
1845 1566 1844
1846 3183 1847
1847 3182 1846
1848 3187 1849
1849 3186 1848
1850 1849 1851
1851 1848 1850
1852 3617 1853
1853 3616 1852
1854 1711 1855
1855 1710 1854
1856 2725 1857
1857 2724 1856
1858 2241 1859
1859 2240 1858
1860 2405 1861
1861 2404 1860
1862 1121 1863
1863 1120 1862
1864 789 1865
1865 788 1864
1866 3131 1867
1867 3130 1866
1868 1059 1869
1869 1058 1868
1870 523 1871
1871 522 1870
1872 2455 1873
1873 2454 1872
1874 67 1875
1875 66 1874
1876 1687 1877
1877 1686 1876
1878 2579 1879
1879 2578 1878
1880 2953 1881
1881 2952 1880
1882 571 1883
1883 570 1882
1884 239 1885
1885 238 1884
1886 345 1887
1887 344 1886
1888 1521 1889
1889 1520 1888
1890 2257 1891
1891 2256 1890
1892 2939 1893
1893 2938 1892
1894 1237 1895
1895 1236 1894
1896 927 1897
1897 926 1896
1898 1249 1899
1899 1248 1898
1900 693 1901
1901 692 1900
1902 953 1903
1903 952 1902
1904 2683 1905
1905 2682 1904
1906 3165 1907
1907 3164 1906
1908 3079 1909
1909 3078 1908
1910 3021 1911
1911 3020 1910
1912 1253 1913
1913 1252 1912
1914 1359 1915
1915 1358 1914
1916 3349 1917
1917 3348 1916
1918 3481 1919
1919 3480 1918
1920 2013 1921
1921 2012 1920
1922 1787 1923
1923 1786 1922
1924 253 1925
1925 252 1924
1926 2695 1927
1927 2694 1926
1928 2807 1929
1929 2806 1928
1930 2485 1931
1931 2484 1930
1932 3371 1933
1933 3370 1932
1934 3201 1935
1935 3200 1934
1936 123 1937
1937 122 1936
1938 379 1939
1939 378 1938
1940 3693 1941
1941 3692 1940
1942 1775 1943
1943 1774 1942
1944 1145 1945
1945 1144 1944
1946 3717 1947
1947 3716 1946
1948 945 1949
1949 944 1948
1950 3439 1951
1951 3438 1950
1952 1729 1953
1953 1728 1952
1954 3687 1955
1955 3686 1954
1956 3061 1957
1957 3060 1956
1958 1137 1959
1959 1136 1958
1960 729 1961
1961 728 1960
1962 1949 1963
1963 1948 1962
1964 3171 1965
1965 3170 1964
1966 2785 1967
1967 2784 1966
1968 1707 1969
1969 1706 1968
1970 777 1971
1971 776 1970
1972 1687 1973
1973 1686 1972
1974 655 1975
1975 654 1974
1976 1739 1977
1977 1738 1976
1978 41 1979
1979 40 1978
1980 499 1981
1981 498 1980
1982 803 1983
1983 802 1982
1984 1389 1985
1985 1388 1984
1986 2193 1987
1987 2192 1986
1988 2677 1989
1989 2676 1988
1990 2375 1991
1991 2374 1990
1992 2155 1993
1993 2154 1992
1994 1183 1995
1995 1182 1994
1996 803 1997
1997 802 1996
1998 1665 1999
1999 1664 1998
2000 2157 2001
2001 2156 2000
2002 395 2003
2003 394 2002
2004 2137 2005
2005 2136 2004
2006 3331 2007
2007 3330 2006
2008 2011 2009
2009 2010 2008
2010 459 2011
2011 458 2010
2012 2427 2013
2013 2426 2012
2014 1341 2015
2015 1340 2014
2016 615 2017
2017 614 2016
2018 1791 2019
2019 1790 2018
2020 893 2021
2021 892 2020
2022 2145 2023
2023 2144 2022
2024 987 2025
2025 986 2024
2026 2589 2027
2027 2588 2026
2028 1033 2029
2029 1032 2028
2030 509 2031
2031 508 2030
2032 1603 2033
2033 1602 2032
2034 2189 2035
2035 2188 2034
2036 2051 2037
2037 2050 2036
2038 893 2039
2039 892 2038
2040 113 2041
2041 112 2040
2042 1389 2043
2043 1388 2042
2044 2821 2045
2045 2820 2044
2046 2537 2047
2047 2536 2046
2048 169 2049
2049 168 2048
2050 3431 2051
2051 3430 2050
2052 1975 2053
2053 1974 2052
2054 2975 2055
2055 2974 2054
2056 2585 2057
2057 2584 2056
2058 2061 2059
2059 2060 2058
2060 1041 2061
2061 1040 2060
2062 597 2063
2063 596 2062
2064 2265 2065
2065 2264 2064
2066 3383 2067
2067 3382 2066
2068 3317 2069
2069 3316 2068
2070 1955 2071
2071 1954 2070
2072 3369 2073
2073 3368 2072
2074 3261 2075
2075 3260 2074
2076 2611 2077
2077 2610 2076
2078 3095 2079
2079 3094 2078
2080 3609 2081
2081 3608 2080
2082 2867 2083
2083 2866 2082
2084 2429 2085
2085 2428 2084
2086 3241 2087
2087 3240 2086
2088 51 2089
2089 50 2088
2090 1179 2091
2091 1178 2090
2092 3471 2093
2093 3470 2092
2094 1753 2095
2095 1752 2094
2096 2155 2097
2097 2154 2096
2098 1559 2099
2099 1558 2098
2100 907 2101
2101 906 2100
2102 3357 2103
2103 3356 2102
2104 2159 2105
2105 2158 2104
2106 1865 2107
2107 1864 2106
2108 3185 2109
2109 3184 2108
2110 653 2111
2111 652 2110
2112 1829 2113
2113 1828 2112
2114 3343 2115
2115 3342 2114
2116 3731 2117
2117 3730 2116
2118 555 2119
2119 554 2118
2120 1435 2121
2121 1434 2120
2122 999 2123
2123 998 2122
2124 3651 2125
2125 3650 2124
2126 671 2127
2127 670 2126
2128 3273 2129
2129 3272 2128
2130 15 2131
2131 14 2130
2132 2747 2133
2133 2746 2132
2134 1795 2135
2135 1794 2134
2136 2949 2137
2137 2948 2136
2138 3227 2139
2139 3226 2138
2140 517 2141
2141 516 2140
2142 3389 2143
2143 3388 2142
2144 1621 2145
2145 1620 2144
2146 467 2147
2147 466 2146
2148 1189 2149
2149 1188 2148
2150 2925 2151
2151 2924 2150
2152 905 2153
2153 904 2152
2154 221 2155
2155 220 2154
2156 3199 2157
2157 3198 2156
2158 3563 2159
2159 3562 2158
2160 1791 2161
2161 1790 2160
2162 1231 2163
2163 1230 2162
2164 3487 2165
2165 3486 2164
2166 3063 2167
2167 3062 2166
2168 1391 2169
2169 1390 2168
2170 2213 2171
2171 2212 2170
2172 1505 2173
2173 1504 2172
2174 3327 2175
2175 3326 2174
2176 1949 2177
2177 1948 2176
2178 1863 2179
2179 1862 2178
2180 2091 2181
2181 2090 2180
2182 2405 2183
2183 2404 2182
2184 575 2185
2185 574 2184
2186 1259 2187
2187 1258 2186
2188 2495 2189
2189 2494 2188
2190 697 2191
2191 696 2190
2192 3185 2193
2193 3184 2192
2194 523 2195
2195 522 2194
2196 175 2197
2197 174 2196
2198 599 2199
2199 598 2198
2200 2585 2201
2201 2584 2200
2202 1145 2203
2203 1144 2202
2204 105 2205
2205 104 2204
2206 3127 2207
2207 3126 2206
2208 2731 2209
2209 2730 2208
2210 361 2211
2211 360 2210
2212 1517 2213
2213 1516 2212
2214 3569 2215
2215 3568 2214
2216 3395 2217
2217 3394 2216
2218 741 2219
2219 740 2218
2220 2773 2221
2221 2772 2220
2222 1237 2223
2223 1236 2222
2224 839 2225
2225 838 2224
2226 2257 2227
2227 2256 2226
2228 1409 2229
2229 1408 2228
2230 745 2231
2231 744 2230
2232 327 2233
2233 326 2232
2234 1697 2235
2235 1696 2234
2236 2577 2237
2237 2576 2236
2238 2409 2239
2239 2408 2238
2240 3237 2241
2241 3236 2240
2242 1029 2243
2243 1028 2242
2244 23 2245
2245 22 2244
2246 1483 2247
2247 1482 2246
2248 2745 2249
2249 2744 2248
2250 1351 2251
2251 1350 2250
2252 995 2253
2253 994 2252
2254 673 2255
2255 672 2254
2256 2677 2257
2257 2676 2256
2258 2271 2259
2259 2270 2258
2260 3493 2261
2261 3492 2260
2262 1399 2263
2263 1398 2262
2264 3205 2265
2265 3204 2264
2266 1205 2267
2267 1204 2266
2268 3465 2269
2269 3464 2268
2270 327 2271
2271 326 2270
2272 309 2273
2273 308 2272
2274 3613 2275
2275 3612 2274
2276 3383 2277
2277 3382 2276
2278 3663 2279
2279 3662 2278
2280 3691 2281
2281 3690 2280
2282 2077 2283
2283 2076 2282
2284 3397 2285
2285 3396 2284
2286 1621 2287
2287 1620 2286
2288 3195 2289
2289 3194 2288
2290 393 2291
2291 392 2290
2292 1117 2293
2293 1116 2292
2294 949 2295
2295 948 2294
2296 2361 2297
2297 2360 2296
2298 149 2299
2299 148 2298
2300 1985 2301
2301 1984 2300
2302 1671 2303
2303 1670 2302
2304 3095 2305
2305 3094 2304
2306 349 2307
2307 348 2306
2308 3235 2309
2309 3234 2308
2310 1567 2311
2311 1566 2310
2312 2743 2313
2313 2742 2312
2314 835 2315
2315 834 2314
2316 899 2317
2317 898 2316
2318 635 2319
2319 634 2318
2320 1499 2321
2321 1498 2320
2322 2411 2323
2323 2410 2322
2324 2091 2325
2325 2090 2324
2326 1201 2327
2327 1200 2326
2328 3065 2329
2329 3064 2328
2330 2739 2331
2331 2738 2330
2332 3157 2333
2333 3156 2332
2334 527 2335
2335 526 2334
2336 3609 2337
2337 3608 2336
2338 1747 2339
2339 1746 2338
2340 255 2341
2341 254 2340
2342 3715 2343
2343 3714 2342
2344 2065 2345
2345 2064 2344
2346 3011 2347
2347 3010 2346
2348 763 2349
2349 762 2348
2350 3263 2351
2351 3262 2350
2352 3001 2353
2353 3000 2352
2354 1017 2355
2355 1016 2354
2356 3297 2357
2357 3296 2356
2358 1617 2359
2359 1616 2358
2360 2817 2361
2361 2816 2360
2362 393 2363
2363 392 2362
2364 1593 2365
2365 1592 2364
2366 3297 2367
2367 3296 2366
2368 3197 2369
2369 3196 2368
2370 781 2371
2371 780 2370
2372 1491 2373
2373 1490 2372
2374 3419 2375
2375 3418 2374
2376 3489 2377
2377 3488 2376
2378 1663 2379
2379 1662 2378
2380 2661 2381
2381 2660 2380
2382 2467 2383
2383 2466 2382
2384 1481 2385
2385 1480 2384
2386 339 2387
2387 338 2386
2388 723 2389
2389 722 2388
2390 1143 2391
2391 1142 2390
2392 3025 2393
2393 3024 2392
2394 585 2395
2395 584 2394
2396 1135 2397
2397 1134 2396
2398 587 2399
2399 586 2398
2400 135 2401
2401 134 2400
2402 867 2403
2403 866 2402
2404 2491 2405
2405 2490 2404
2406 623 2407
2407 622 2406
2408 3419 2409
2409 3418 2408
2410 2649 2411
2411 2648 2410
2412 3033 2413
2413 3032 2412
2414 2587 2415
2415 2586 2414
2416 719 2417
2417 718 2416
2418 2231 2419
2419 2230 2418
2420 2607 2421
2421 2606 2420
2422 181 2423
2423 180 2422
2424 373 2425
2425 372 2424
2426 2451 2427
2427 2450 2426
2428 1997 2429
2429 1996 2428
2430 1163 2431
2431 1162 2430
2432 949 2433
2433 948 2432
2434 1835 2435
2435 1834 2434
2436 725 2437
2437 724 2436
2438 2089 2439
2439 2088 2438
2440 3625 2441
2441 3624 2440
2442 1939 2443
2443 1938 2442
2444 965 2445
2445 964 2444
2446 2803 2447
2447 2802 2446
2448 927 2449
2449 926 2448
2450 3483 2451
2451 3482 2450
2452 1557 2453
2453 1556 2452
2454 3235 2455
2455 3234 2454
2456 239 2457
2457 238 2456
2458 2673 2459
2459 2672 2458
2460 3215 2461
2461 3214 2460
2462 619 2463
2463 618 2462
2464 1437 2465
2465 1436 2464
2466 2423 2467
2467 2422 2466
2468 3555 2469
2469 3554 2468
2470 953 2471
2471 952 2470
2472 2029 2473
2473 2028 2472
2474 1669 2475
2475 1668 2474
2476 295 2477
2477 294 2476
2478 1595 2479
2479 1594 2478
2480 2353 2481
2481 2352 2480
2482 1101 2483
2483 1100 2482
2484 327 2485
2485 326 2484
2486 1793 2487
2487 1792 2486
2488 701 2489
2489 700 2488
2490 887 2491
2491 886 2490
2492 1787 2493
2493 1786 2492
2494 1727 2495
2495 1726 2494
2496 27 2497
2497 26 2496
2498 1263 2499
2499 1262 2498
2500 2027 2501
2501 2026 2500
2502 1213 2503
2503 1212 2502
2504 2399 2505
2505 2398 2504
2506 2875 2507
2507 2874 2506
2508 2535 2509
2509 2534 2508
2510 1781 2511
2511 1780 2510
2512 1821 2513
2513 1820 2512
2514 1173 2515
2515 1172 2514
2516 2841 2517
2517 2840 2516
2518 17 2519
2519 16 2518
2520 973 2521
2521 972 2520
2522 3349 2523
2523 3348 2522
2524 2651 2525
2525 2650 2524
2526 121 2527
2527 120 2526
2528 2711 2529
2529 2710 2528
2530 669 2531
2531 668 2530
2532 1887 2533
2533 1886 2532
2534 845 2535
2535 844 2534
2536 193 2537
2537 192 2536
2538 425 2539
2539 424 2538
2540 2725 2541
2541 2724 2540
2542 1659 2543
2543 1658 2542
2544 3479 2545
2545 3478 2544
2546 1695 2547
2547 1694 2546
2548 2863 2549
2549 2862 2548
2550 3485 2551
2551 3484 2550
2552 1675 2553
2553 1674 2552
2554 3677 2555
2555 3676 2554
2556 223 2557
2557 222 2556
2558 1789 2559
2559 1788 2558
2560 3243 2561
2561 3242 2560
2562 807 2563
2563 806 2562
2564 1073 2565
2565 1072 2564
2566 1637 2567
2567 1636 2566
2568 1983 2569
2569 1982 2568
2570 3067 2571
2571 3066 2570
2572 3475 2573
2573 3474 2572
2574 2793 2575
2575 2792 2574
2576 1419 2577
2577 1418 2576
2578 2085 2579
2579 2084 2578
2580 2631 2581
2581 2630 2580
2582 2005 2583
2583 2004 2582
2584 2709 2585
2585 2708 2584
2586 1833 2587
2587 1832 2586
2588 2447 2589
2589 2446 2588
2590 2877 2591
2591 2876 2590
2592 2427 2593
2593 2426 2592
2594 3463 2595
2595 3462 2594
2596 3299 2597
2597 3298 2596
2598 3457 2599
2599 3456 2598
2600 967 2601
2601 966 2600
2602 1407 2603
2603 1406 2602
2604 2289 2605
2605 2288 2604
2606 1239 2607
2607 1238 2606
2608 3193 2609
2609 3192 2608
2610 1815 2611
2611 1814 2610
2612 577 2613
2613 576 2612
2614 143 2615
2615 142 2614
2616 1989 2617
2617 1988 2616
2618 1237 2619
2619 1236 2618
2620 2109 2621
2621 2108 2620
2622 1253 2623
2623 1252 2622
2624 247 2625
2625 246 2624
2626 3379 2627
2627 3378 2626
2628 3359 2629
2629 3358 2628
2630 2293 2631
2631 2292 2630
2632 3555 2633
2633 3554 2632
2634 1723 2635
2635 1722 2634
2636 2143 2637
2637 2142 2636
2638 3251 2639
2639 3250 2638
2640 1515 2641
2641 1514 2640
2642 2817 2643
2643 2816 2642
2644 3031 2645
2645 3030 2644
2646 3637 2647
2647 3636 2646
2648 2413 2649
2649 2412 2648
2650 3535 2651
2651 3534 2650
2652 2023 2653
2653 2022 2652
2654 2255 2655
2655 2254 2654
2656 3325 2657
2657 3324 2656
2658 1803 2659
2659 1802 2658
2660 627 2661
2661 626 2660
2662 3415 2663
2663 3414 2662
2664 685 2665
2665 684 2664
2666 803 2667
2667 802 2666
2668 917 2669
2669 916 2668
2670 2073 2671
2671 2072 2670
2672 2301 2673
2673 2300 2672
2674 3065 2675
2675 3064 2674
2676 3733 2677
2677 3732 2676
2678 1211 2679
2679 1210 2678
2680 319 2681
2681 318 2680
2682 1819 2683
2683 1818 2682
2684 1927 2685
2685 1926 2684
2686 39 2687
2687 38 2686
2688 847 2689
2689 846 2688
2690 3357 2691
2691 3356 2690
2692 461 2693
2693 460 2692
2694 107 2695
2695 106 2694
2696 1789 2697
2697 1788 2696
2698 599 2699
2699 598 2698
2700 3589 2701
2701 3588 2700
2702 1527 2703
2703 1526 2702
2704 2783 2705
2705 2782 2704
2706 707 2707
2707 706 2706
2708 265 2709
2709 264 2708
2710 1813 2711
2711 1812 2710
2712 129 2713
2713 128 2712
2714 1749 2715
2715 1748 2714
2716 987 2717
2717 986 2716
2718 2983 2719
2719 2982 2718
2720 3109 2721
2721 3108 2720
2722 63 2723
2723 62 2722
2724 1097 2725
2725 1096 2724
2726 1779 2727
2727 1778 2726
2728 631 2729
2729 630 2728
2730 3299 2731
2731 3298 2730
2732 2101 2733
2733 2100 2732
2734 705 2735
2735 704 2734
2736 651 2737
2737 650 2736
2738 3453 2739
2739 3452 2738
2740 2387 2741
2741 2386 2740
2742 2841 2743
2743 2840 2742
2744 1173 2745
2745 1172 2744
2746 891 2747
2747 890 2746
2748 3625 2749
2749 3624 2748
2750 827 2751
2751 826 2750
2752 3421 2753
2753 3420 2752
2754 2469 2755
2755 2468 2754
2756 2331 2757
2757 2330 2756
2758 593 2759
2759 592 2758
2760 1897 2761
2761 1896 2760
2762 1589 2763
2763 1588 2762
2764 1411 2765
2765 1410 2764
2766 1487 2767
2767 1486 2766
2768 3229 2769
2769 3228 2768
2770 79 2771
2771 78 2770
2772 3271 2773
2773 3270 2772
2774 1431 2775
2775 1430 2774
2776 11 2777
2777 10 2776
2778 121 2779
2779 120 2778
2780 197 2781
2781 196 2780
2782 267 2783
2783 266 2782
2784 147 2785
2785 146 2784
2786 3519 2787
2787 3518 2786
2788 931 2789
2789 930 2788
2790 3555 2791
2791 3554 2790
2792 305 2793
2793 304 2792
2794 1287 2795
2795 1286 2794
2796 3307 2797
2797 3306 2796
2798 3433 2799
2799 3432 2798
2800 207 2801
2801 206 2800
2802 1875 2803
2803 1874 2802
2804 555 2805
2805 554 2804
2806 2539 2807
2807 2538 2806
2808 3687 2809
2809 3686 2808
2810 3695 2811
2811 3694 2810
2812 3685 2813
2813 3684 2812
2814 3097 2815
2815 3096 2814
2816 723 2817
2817 722 2816
2818 1953 2819
2819 1952 2818
2820 3261 2821
2821 3260 2820
2822 3375 2823
2823 3374 2822
2824 2481 2825
2825 2480 2824
2826 287 2827
2827 286 2826
2828 945 2829
2829 944 2828
2830 515 2831
2831 514 2830
2832 3545 2833
2833 3544 2832
2834 2239 2835
2835 2238 2834
2836 2385 2837
2837 2384 2836
2838 1351 2839
2839 1350 2838
2840 757 2841
2841 756 2840
2842 1003 2843
2843 1002 2842
2844 1471 2845
2845 1470 2844
2846 2807 2847
2847 2806 2846
2848 3299 2849
2849 3298 2848
2850 33 2851
2851 32 2850
2852 25 2853
2853 24 2852
2854 1667 2855
2855 1666 2854
2856 1193 2857
2857 1192 2856
2858 1553 2859
2859 1552 2858
2860 1249 2861
2861 1248 2860
2862 715 2863
2863 714 2862
2864 1271 2865
2865 1270 2864
2866 105 2867
2867 104 2866
2868 543 2869
2869 542 2868
2870 1957 2871
2871 1956 2870
2872 1189 2873
2873 1188 2872
2874 3371 2875
2875 3370 2874
2876 235 2877
2877 234 2876
2878 3223 2879
2879 3222 2878
2880 1165 2881
2881 1164 2880
2882 3083 2883
2883 3082 2882
2884 1639 2885
2885 1638 2884
2886 2301 2887
2887 2300 2886
2888 1493 2889
2889 1492 2888
2890 2225 2891
2891 2224 2890
2892 3349 2893
2893 3348 2892
2894 3105 2895
2895 3104 2894
2896 1807 2897
2897 1806 2896
2898 237 2899
2899 236 2898
2900 3353 2901
2901 3352 2900
2902 1611 2903
2903 1610 2902
2904 3133 2905
2905 3132 2904
2906 2783 2907
2907 2782 2906
2908 2241 2909
2909 2240 2908
2910 2131 2911
2911 2130 2910
2912 647 2913
2913 646 2912
2914 3149 2915
2915 3148 2914
2916 3053 2917
2917 3052 2916
2918 2367 2919
2919 2366 2918
2920 973 2921
2921 972 2920
2922 285 2923
2923 284 2922
2924 2153 2925
2925 2152 2924
2926 2341 2927
2927 2340 2926
2928 3183 2929
2929 3182 2928
2930 2299 2931
2931 2298 2930
2932 237 2933
2933 236 2932
2934 1135 2935
2935 1134 2934
2936 2055 2937
2937 2054 2936
2938 3349 2939
2939 3348 2938
2940 3499 2941
2941 3498 2940
2942 497 2943
2943 496 2942
2944 3463 2945
2945 3462 2944
2946 2743 2947
2947 2742 2946
2948 2575 2949
2949 2574 2948
2950 937 2951
2951 936 2950
2952 3301 2953
2953 3300 2952
2954 2813 2955
2955 2812 2954
2956 2123 2957
2957 2122 2956
2958 473 2959
2959 472 2958
2960 1513 2961
2961 1512 2960
2962 1075 2963
2963 1074 2962
2964 3111 2965
2965 3110 2964
2966 3021 2967
2967 3020 2966
2968 2627 2969
2969 2626 2968
2970 137 2971
2971 136 2970
2972 1307 2973
2973 1306 2972
2974 1429 2975
2975 1428 2974
2976 3209 2977
2977 3208 2976
2978 497 2979
2979 496 2978
2980 1259 2981
2981 1258 2980
2982 3393 2983
2983 3392 2982
2984 2635 2985
2985 2634 2984
2986 105 2987
2987 104 2986
2988 607 2989
2989 606 2988
2990 423 2991
2991 422 2990
2992 963 2993
2993 962 2992
2994 267 2995
2995 266 2994
2996 1743 2997
2997 1742 2996
2998 2687 2999
2999 2686 2998
3000 1353 3001
3001 1352 3000
3002 1683 3003
3003 1682 3002
3004 95 3005
3005 94 3004
3006 1973 3007
3007 1972 3006
3008 2671 3009
3009 2670 3008
3010 1035 3011
3011 1034 3010
3012 461 3013
3013 460 3012
3014 3705 3015
3015 3704 3014
3016 2011 3017
3017 2010 3016
3018 1391 3019
3019 1390 3018
3020 1353 3021
3021 1352 3020
3022 1029 3023
3023 1028 3022
3024 1971 3025
3025 1970 3024
3026 3125 3027
3027 3124 3026
3028 3647 3029
3029 3646 3028
3030 2949 3031
3031 2948 3030
3032 553 3033
3033 552 3032
3034 169 3035
3035 168 3034
3036 2325 3037
3037 2324 3036
3038 2063 3039
3039 2062 3038
3040 967 3041
3041 966 3040
3042 3669 3043
3043 3668 3042
3044 1559 3045
3045 1558 3044
3046 375 3047
3047 374 3046
3048 745 3049
3049 744 3048
3050 3151 3051
3051 3150 3050
3052 2527 3053
3053 2526 3052
3054 2731 3055
3055 2730 3054
3056 2221 3057
3057 2220 3056
3058 2879 3059
3059 2878 3058
3060 237 3061
3061 236 3060
3062 3511 3063
3063 3510 3062
3064 1111 3065
3065 1110 3064
3066 2143 3067
3067 2142 3066
3068 517 3069
3069 516 3068
3070 3417 3071
3071 3416 3070
3072 2899 3073
3073 2898 3072
3074 1781 3075
3075 1780 3074
3076 71 3077
3077 70 3076
3078 3645 3079
3079 3644 3078
3080 2467 3081
3081 2466 3080
3082 1131 3083
3083 1130 3082
3084 619 3085
3085 618 3084
3086 1977 3087
3087 1976 3086
3088 1429 3089
3089 1428 3088
3090 1081 3091
3091 1080 3090
3092 2007 3093
3093 2006 3092
3094 711 3095
3095 710 3094
3096 65 3097
3097 64 3096
3098 307 3099
3099 306 3098
3100 121 3101
3101 120 3100
3102 1265 3103
3103 1264 3102
3104 25 3105
3105 24 3104
3106 1837 3107
3107 1836 3106
3108 3599 3109
3109 3598 3108
3110 3515 3111
3111 3514 3110
3112 3467 3113
3113 3466 3112
3114 757 3115
3115 756 3114
3116 563 3117
3117 562 3116
3118 2423 3119
3119 2422 3118
3120 1605 3121
3121 1604 3120
3122 3209 3123
3123 3208 3122
3124 411 3125
3125 410 3124
3126 731 3127
3127 730 3126
3128 3473 3129
3129 3472 3128
3130 3637 3131
3131 3636 3130
3132 679 3133
3133 678 3132
3134 3207 3135
3135 3206 3134
3136 1591 3137
3137 1590 3136
3138 2231 3139
3139 2230 3138
3140 2421 3141
3141 2420 3140
3142 2699 3143
3143 2698 3142
3144 413 3145
3145 412 3144
3146 3531 3147
3147 3530 3146
3148 1571 3149
3149 1570 3148
3150 1217 3151
3151 1216 3150
3152 3289 3153
3153 3288 3152
3154 1729 3155
3155 1728 3154
3156 2777 3157
3157 2776 3156
3158 2959 3159
3159 2958 3158
3160 1873 3161
3161 1872 3160
3162 1445 3163
3163 1444 3162
3164 3085 3165
3165 3084 3164
3166 1351 3167
3167 1350 3166
3168 3393 3169
3169 3392 3168
3170 859 3171
3171 858 3170
3172 3605 3173
3173 3604 3172
3174 1985 3175
3175 1984 3174
3176 3201 3177
3177 3200 3176
3178 257 3179
3179 256 3178
3180 1379 3181
3181 1378 3180
3182 2135 3183
3183 2134 3182
3184 1573 3185
3185 1572 3184
3186 1535 3187
3187 1534 3186
3188 3653 3189
3189 3652 3188
3190 2607 3191
3191 2606 3190
3192 2715 3193
3193 2714 3192
3194 3051 3195
3195 3050 3194
3196 3263 3197
3197 3262 3196
3198 3253 3199
3199 3252 3198
3200 511 3201
3201 510 3200
3202 2895 3203
3203 2894 3202
3204 253 3205
3205 252 3204
3206 1647 3207
3207 1646 3206
3208 2487 3209
3209 2486 3208
3210 3647 3211
3211 3646 3210
3212 535 3213
3213 534 3212
3214 555 3215
3215 554 3214
3216 3231 3217
3217 3230 3216
3218 469 3219
3219 468 3218
3220 2281 3221
3221 2280 3220
3222 1953 3223
3223 1952 3222
3224 2035 3225
3225 2034 3224
3226 715 3227
3227 714 3226
3228 3021 3229
3229 3020 3228
3230 959 3231
3231 958 3230
3232 3327 3233
3233 3326 3232
3234 3107 3235
3235 3106 3234
3236 263 3237
3237 262 3236
3238 3429 3239
3239 3428 3238
3240 3157 3241
3241 3156 3240
3242 1095 3243
3243 1094 3242
3244 3443 3245
3245 3442 3244
3246 1857 3247
3247 1856 3246
3248 3387 3249
3249 3386 3248
3250 859 3251
3251 858 3250
3252 1377 3253
3253 1376 3252
3254 1757 3255
3255 1756 3254
3256 57 3257
3257 56 3256
3258 2573 3259
3259 2572 3258
3260 131 3261
3261 130 3260
3262 7 3263
3263 6 3262
3264 581 3265
3265 580 3264
3266 27 3267
3267 26 3266
3268 3105 3269
3269 3104 3268
3270 2773 3271
3271 2772 3270
3272 577 3273
3273 576 3272
3274 1609 3275
3275 1608 3274
3276 653 3277
3277 652 3276
3278 2909 3279
3279 2908 3278
3280 1733 3281
3281 1732 3280
3282 2627 3283
3283 2626 3282
3284 1807 3285
3285 1806 3284
3286 3343 3287
3287 3342 3286
3288 635 3289
3289 634 3288
3290 1665 3291
3291 1664 3290
3292 617 3293
3293 616 3292
3294 483 3295
3295 482 3294
3296 1993 3297
3297 1992 3296
3298 465 3299
3299 464 3298
3300 2077 3301
3301 2076 3300
3302 867 3303
3303 866 3302
3304 71 3305
3305 70 3304
3306 3671 3307
3307 3670 3306
3308 2413 3309
3309 2412 3308
3310 2307 3311
3311 2306 3310
3312 3155 3313
3313 3154 3312
3314 1031 3315
3315 1030 3314
3316 669 3317
3317 668 3316
3318 3629 3319
3319 3628 3318
3320 969 3321
3321 968 3320
3322 1577 3323
3323 1576 3322
3324 3501 3325
3325 3500 3324
3326 2081 3327
3327 2080 3326
3328 3023 3329
3329 3022 3328
3330 1755 3331
3331 1754 3330
3332 81 3333
3333 80 3332
3334 2497 3335
3335 2496 3334
3336 2309 3337
3337 2308 3336
3338 1795 3339
3339 1794 3338
3340 3025 3341
3341 3024 3340
3342 2123 3343
3343 2122 3342
3344 1329 3345
3345 1328 3344
3346 2259 3347
3347 2258 3346
3348 2237 3349
3349 2236 3348
3350 823 3351
3351 822 3350
3352 2897 3353
3353 2896 3352
3354 617 3355
3355 616 3354
3356 357 3357
3357 356 3356
3358 1005 3359
3359 1004 3358
3360 1697 3361
3361 1696 3360
3362 2601 3363
3363 2600 3362
3364 1319 3365
3365 1318 3364
3366 1613 3367
3367 1612 3366
3368 241 3369
3369 240 3368
3370 545 3371
3371 544 3370
3372 3223 3373
3373 3222 3372
3374 405 3375
3375 404 3374
3376 2469 3377
3377 2468 3376
3378 1563 3379
3379 1562 3378
3380 3147 3381
3381 3146 3380
3382 1835 3383
3383 1834 3382
3384 2037 3385
3385 2036 3384
3386 1945 3387
3387 1944 3386
3388 1485 3389
3389 1484 3388
3390 35 3391
3391 34 3390
3392 2849 3393
3393 2848 3392
3394 23 3395
3395 22 3394
3396 1739 3397
3397 1738 3396
3398 2063 3399
3399 2062 3398
3400 687 3401
3401 686 3400
3402 2185 3403
3403 2184 3402
3404 2103 3405
3405 2102 3404
3406 2331 3407
3407 2330 3406
3408 845 3409
3409 844 3408
3410 817 3411
3411 816 3410
3412 3699 3413
3413 3698 3412
3414 1733 3415
3415 1732 3414
3416 1119 3417
3417 1118 3416
3418 469 3419
3419 468 3418
3420 103 3421
3421 102 3420
3422 557 3423
3423 556 3422
3424 695 3425
3425 694 3424
3426 2351 3427
3427 2350 3426
3428 1055 3429
3429 1054 3428
3430 3075 3431
3431 3074 3430
3432 2807 3433
3433 2806 3432
3434 2939 3435
3435 2938 3434
3436 2357 3437
3437 2356 3436
3438 2661 3439
3439 2660 3438
3440 1345 3441
3441 1344 3440
3442 1631 3443
3443 1630 3442
3444 2327 3445
3445 2326 3444
3446 1961 3447
3447 1960 3446
3448 1053 3449
3449 1052 3448
3450 3311 3451
3451 3310 3450
3452 2093 3453
3453 2092 3452
3454 1929 3455
3455 1928 3454
3456 1871 3457
3457 1870 3456
3458 1355 3459
3459 1354 3458
3460 1947 3461
3461 1946 3460
3462 2377 3463
3463 2376 3462
3464 2099 3465
3465 2098 3464
3466 2361 3467
3467 2360 3466
3468 2549 3469
3469 2548 3468
3470 919 3471
3471 918 3470
3472 333 3473
3473 332 3472
3474 1285 3475
3475 1284 3474
3476 893 3477
3477 892 3476
3478 631 3479
3479 630 3478
3480 1 3481
3481 0 3480
3482 483 3483
3483 482 3482
3484 2401 3485
3485 2400 3484
3486 2987 3487
3487 2986 3486
3488 2753 3489
3489 2752 3488
3490 771 3491
3491 770 3490
3492 911 3493
3493 910 3492
3494 1399 3495
3495 1398 3494
3496 2829 3497
3497 2828 3496
3498 2229 3499
3499 2228 3498
3500 159 3501
3501 158 3500
3502 2749 3503
3503 2748 3502
3504 1429 3505
3505 1428 3504
3506 3501 3507
3507 3500 3506
3508 1155 3509
3509 1154 3508
3510 1883 3511
3511 1882 3510
3512 1807 3513
3513 1806 3512
3514 1521 3515
3515 1520 3514
3516 1099 3517
3517 1098 3516
3518 2689 3519
3519 2688 3518
3520 3443 3521
3521 3442 3520
3522 597 3523
3523 596 3522
3524 637 3525
3525 636 3524
3526 987 3527
3527 986 3526
3528 143 3529
3529 142 3528
3530 959 3531
3531 958 3530
3532 613 3533
3533 612 3532
3534 273 3535
3535 272 3534
3536 2877 3537
3537 2876 3536
3538 2743 3539
3539 2742 3538
3540 1381 3541
3541 1380 3540
3542 2961 3543
3543 2960 3542
3544 3377 3545
3545 3376 3544
3546 3183 3547
3547 3182 3546
3548 227 3549
3549 226 3548
3550 1609 3551
3551 1608 3550
3552 3155 3553
3553 3154 3552
3554 1051 3555
3555 1050 3554
3556 1521 3557
3557 1520 3556
3558 81 3559
3559 80 3558
3560 3119 3561
3561 3118 3560
3562 2069 3563
3563 2068 3562
3564 1665 3565
3565 1664 3564
3566 755 3567
3567 754 3566
3568 1675 3569
3569 1674 3568
3570 2609 3571
3571 2608 3570
3572 3067 3573
3573 3066 3572
3574 235 3575
3575 234 3574
3576 1967 3577
3577 1966 3576
3578 639 3579
3579 638 3578
3580 1927 3581
3581 1926 3580
3582 2133 3583
3583 2132 3582
3584 593 3585
3585 592 3584
3586 827 3587
3587 826 3586
3588 2899 3589
3589 2898 3588
3590 551 3591
3591 550 3590
3592 3515 3593
3593 3514 3592
3594 2371 3595
3595 2370 3594
3596 783 3597
3597 782 3596
3598 3407 3599
3599 3406 3598
3600 1841 3601
3601 1840 3600
3602 887 3603
3603 886 3602
3604 2851 3605
3605 2850 3604
3606 2433 3607
3607 2432 3606
3608 2241 3609
3609 2240 3608
3610 2083 3611
3611 2082 3610
3612 963 3613
3613 962 3612
3614 2585 3615
3615 2584 3614
3616 2939 3617
3617 2938 3616
3618 1335 3619
3619 1334 3618
3620 1473 3621
3621 1472 3620
3622 1891 3623
3623 1890 3622
3624 2083 3625
3625 2082 3624
3626 285 3627
3627 284 3626
3628 955 3629
3629 954 3628
3630 3489 3631
3631 3488 3630
3632 987 3633
3633 986 3632
3634 2541 3635
3635 2540 3634
3636 1385 3637
3637 1384 3636
3638 1943 3639
3639 1942 3638
3640 1549 3641
3641 1548 3640
3642 3145 3643
3643 3144 3642
3644 3295 3645
3645 3294 3644
3646 675 3647
3647 674 3646
3648 2579 3649
3649 2578 3648
3650 2485 3651
3651 2484 3650
3652 1661 3653
3653 1660 3652
3654 2469 3655
3655 2468 3654
3656 2645 3657
3657 2644 3656
3658 2623 3659
3659 2622 3658
3660 2839 3661
3661 2838 3660
3662 453 3663
3663 452 3662
3664 955 3665
3665 954 3664
3666 399 3667
3667 398 3666
3668 1243 3669
3669 1242 3668
3670 3115 3671
3671 3114 3670
3672 2097 3673
3673 2096 3672
3674 259 3675
3675 258 3674
3676 1089 3677
3677 1088 3676
3678 1285 3679
3679 1284 3678
3680 2145 3681
3681 2144 3680
3682 1345 3683
3683 1344 3682
3684 2621 3685
3685 2620 3684
3686 2423 3687
3687 2422 3686
3688 2765 3689
3689 2764 3688
3690 1637 3691
3691 1636 3690
3692 2691 3693
3693 2690 3692
3694 2665 3695
3695 2664 3694
3696 495 3697
3697 494 3696
3698 2893 3699
3699 2892 3698
3700 2117 3701
3701 2116 3700
3702 1753 3703
3703 1752 3702
3704 3207 3705
3705 3206 3704
3706 3691 3707
3707 3690 3706
3708 2397 3709
3709 2396 3708
3710 3615 3711
3711 3614 3710
3712 3589 3713
3713 3588 3712
3714 1493 3715
3715 1492 3714
3716 1847 3717
3717 1846 3716
3718 1267 3719
3719 1266 3718
3720 431 3721
3721 430 3720
3722 3553 3723
3723 3552 3722
3724 77 3725
3725 76 3724
3726 2507 3727
3727 2506 3726
3728 3497 3729
3729 3496 3728
3730 649 3731
3731 648 3730
3732 2863 3733
3733 2862 3732
3734 1737 3735
3735 1736 3734
3736 463 3737
3737 462 3736
3738 3299 3739
3739 3298 3738
3740 3067 3741
3741 3066 3740
