0 435 1
1 434 0
2 1069 3
3 1068 2
4 623 5
5 622 4
6 113 7
7 112 6
8 323 9
9 322 8
10 815 11
11 814 10
12 1113 13
13 1112 12
14 1039 15
15 1038 14
16 787 17
17 786 16
18 949 19
19 948 18
20 975 21
21 974 20
22 707 23
23 706 22
24 205 25
25 204 24
26 575 27
27 574 26
28 1293 29
29 1292 28
30 825 31
31 824 30
32 1281 33
33 1280 32
34 831 35
35 830 34
36 1079 37
37 1078 36
38 799 39
39 798 38
40 587 41
41 586 40
42 1211 43
43 1210 42
44 379 45
45 378 44
46 73 47
47 72 46
48 1347 49
49 1346 48
50 643 51
51 642 50
52 1261 53
53 1260 52
54 37 55
55 36 54
56 139 57
57 138 56
58 1005 59
59 1004 58
60 249 61
61 248 60
62 939 63
63 938 62
64 973 65
65 972 64
66 1319 67
67 1318 66
68 275 69
69 274 68
70 529 71
71 528 70
72 833 73
73 832 72
74 133 75
75 132 74
76 453 77
77 452 76
78 93 79
79 92 78
80 1319 81
81 1318 80
82 489 83
83 488 82
84 115 85
85 114 84
86 1123 87
87 1122 86
88 1277 89
89 1276 88
90 751 91
91 750 90
92 631 93
93 630 92
94 945 95
95 944 94
96 983 97
97 982 96
98 797 99
99 796 98
100 569 101
101 568 100
102 567 103
103 566 102
104 173 105
105 172 104
106 633 107
107 632 106
108 269 109
109 268 108
110 291 111
111 290 110
112 471 113
113 470 112
114 549 115
115 548 114
116 1111 117
117 1110 116
118 1181 119
119 1180 118
120 443 121
121 442 120
122 131 123
123 130 122
124 989 125
125 988 124
126 803 127
127 802 126
128 351 129
129 350 128
130 383 131
131 382 130
132 625 133
133 624 132
134 507 135
135 506 134
136 259 137
137 258 136
138 123 139
139 122 138
140 985 141
141 984 140
142 259 143
143 258 142
144 833 145
145 832 144
146 29 147
147 28 146
148 305 149
149 304 148
150 303 151
151 302 150
152 827 153
153 826 152
154 79 155
155 78 154
156 1175 157
157 1174 156
158 341 159
159 340 158
160 1157 161
161 1156 160
162 777 163
163 776 162
164 281 165
165 280 164
166 69 167
167 68 166
168 385 169
169 384 168
170 319 171
171 318 170
172 245 173
173 244 172
174 1203 175
175 1202 174
176 461 177
177 460 176
178 1327 179
179 1326 178
180 87 181
181 86 180
182 353 183
183 352 182
184 1355 185
185 1354 184
186 253 187
187 252 186
188 825 189
189 824 188
190 485 191
191 484 190
192 119 193
193 118 192
194 839 195
195 838 194
196 1061 197
197 1060 196
198 629 199
199 628 198
200 839 201
201 838 200
202 591 203
203 590 202
204 1101 205
205 1100 204
206 199 207
207 198 206
208 1045 209
209 1044 208
210 199 211
211 198 210
212 1055 213
213 1054 212
214 549 215
215 548 214
216 569 217
217 568 216
218 1113 219
219 1112 218
220 1065 221
221 1064 220
222 1343 223
223 1342 222
224 1271 225
225 1270 224
226 1001 227
227 1000 226
228 885 229
229 884 228
230 935 231
231 934 230
232 471 233
233 470 232
234 763 235
235 762 234
236 553 237
237 552 236
238 211 239
239 210 238
240 455 241
241 454 240
242 229 243
243 228 242
244 1051 245
245 1050 244
246 1229 247
247 1228 246
248 539 249
249 538 248
250 421 251
251 420 250
252 123 253
253 122 252
254 819 255
255 818 254
256 843 257
257 842 256
258 205 259
259 204 258
260 1085 261
261 1084 260
262 523 263
263 522 262
264 133 265
265 132 264
266 529 267
267 528 266
268 1257 269
269 1256 268
270 1051 271
271 1050 270
272 611 273
273 610 272
274 1313 275
275 1312 274
276 615 277
277 614 276
278 353 279
279 352 278
280 817 281
281 816 280
282 947 283
283 946 282
284 1067 285
285 1066 284
286 1299 287
287 1298 286
288 451 289
289 450 288
290 769 291
291 768 290
292 581 293
293 580 292
294 485 295
295 484 294
296 839 297
297 838 296
298 37 299
299 36 298
300 213 301
301 212 300
302 245 303
303 244 302
304 993 305
305 992 304
306 619 307
307 618 306
308 361 309
309 360 308
310 831 311
311 830 310
312 875 313
313 874 312
314 1353 315
315 1352 314
316 1191 317
317 1190 316
318 1347 319
319 1346 318
320 829 321
321 828 320
322 377 323
323 376 322
324 51 325
325 50 324
326 1135 327
327 1134 326
328 1231 329
329 1230 328
330 243 331
331 242 330
332 103 333
333 102 332
334 1109 335
335 1108 334
336 635 337
337 634 336
338 267 339
339 266 338
340 929 341
341 928 340
342 13 343
343 12 342
344 139 345
345 138 344
346 1151 347
347 1150 346
348 373 349
349 372 348
350 959 351
351 958 350
352 183 353
353 182 352
354 1057 355
355 1056 354
356 885 357
357 884 356
358 1007 359
359 1006 358
360 261 361
361 260 360
362 811 363
363 810 362
364 1205 365
365 1204 364
366 987 367
367 986 366
368 97 369
369 96 368
370 1149 371
371 1148 370
372 589 373
373 588 372
374 261 375
375 260 374
376 1155 377
377 1154 376
378 675 379
379 674 378
380 439 381
381 438 380
382 339 383
383 338 382
384 989 385
385 988 384
386 1205 387
387 1204 386
388 343 389
389 342 388
390 1153 391
391 1152 390
392 773 393
393 772 392
394 305 395
395 304 394
396 999 397
397 998 396
398 191 399
399 190 398
400 611 401
401 610 400
402 207 403
403 206 402
404 131 405
405 130 404
406 1127 407
407 1126 406
408 295 409
409 294 408
410 869 411
411 868 410
412 453 413
413 452 412
414 829 415
415 828 414
416 869 417
417 868 416
418 1227 419
419 1226 418
420 575 421
421 574 420
422 783 423
423 782 422
424 1105 425
425 1104 424
426 93 427
427 92 426
428 435 429
429 434 428
430 407 431
431 406 430
432 1311 433
433 1310 432
434 1041 435
435 1040 434
436 317 437
437 316 436
438 869 439
439 868 438
440 1025 441
441 1024 440
442 1047 443
443 1046 442
444 1233 445
445 1232 444
446 49 447
447 48 446
448 1309 449
449 1308 448
450 959 451
451 958 450
452 549 453
453 548 452
454 1001 455
455 1000 454
456 591 457
457 590 456
458 467 459
459 466 458
460 863 461
461 862 460
462 799 463
463 798 462
464 133 465
465 132 464
466 1091 467
467 1090 466
468 1283 469
469 1282 468
470 1139 471
471 1138 470
472 757 473
473 756 472
474 133 475
475 132 474
476 293 477
477 292 476
478 347 479
479 346 478
480 1019 481
481 1018 480
482 393 483
483 392 482
484 129 485
485 128 484
486 1139 487
487 1138 486
488 125 489
489 124 488
490 261 491
491 260 490
492 1085 493
493 1084 492
494 717 495
495 716 494
496 1317 497
497 1316 496
498 427 499
499 426 498
500 971 501
501 970 500
502 543 503
503 542 502
504 61 505
505 60 504
506 163 507
507 162 506
508 485 509
509 484 508
510 925 511
511 924 510
512 445 513
513 444 512
514 1181 515
515 1180 514
516 227 517
517 226 516
518 1107 519
519 1106 518
520 787 521
521 786 520
522 107 523
523 106 522
524 301 525
525 300 524
526 925 527
527 924 526
528 695 529
529 694 528
530 243 531
531 242 530
532 359 533
533 358 532
534 259 535
535 258 534
536 1263 537
537 1262 536
538 361 539
539 360 538
540 449 541
541 448 540
542 347 543
543 346 542
544 369 545
545 368 544
546 943 547
547 942 546
548 311 549
549 310 548
550 1129 551
551 1128 550
552 843 553
553 842 552
554 1089 555
555 1088 554
556 129 557
557 128 556
558 777 559
559 776 558
560 963 561
561 962 560
562 717 563
563 716 562
564 739 565
565 738 564
566 881 567
567 880 566
568 973 569
569 972 568
570 1165 571
571 1164 570
572 643 573
573 642 572
574 805 575
575 804 574
576 1009 577
577 1008 576
578 609 579
579 608 578
580 1045 581
581 1044 580
582 1139 583
583 1138 582
584 1237 585
585 1236 584
586 427 587
587 426 586
588 763 589
589 762 588
590 725 591
591 724 590
592 841 593
593 840 592
594 835 595
595 834 594
596 1309 597
597 1308 596
598 559 599
599 558 598
600 969 601
601 968 600
602 679 603
603 678 602
604 25 605
605 24 604
606 1149 607
607 1148 606
608 581 609
609 580 608
610 947 611
611 946 610
612 675 613
613 674 612
614 735 615
615 734 614
616 1071 617
617 1070 616
618 105 619
619 104 618
620 1299 621
621 1298 620
622 433 623
623 432 622
624 1171 625
625 1170 624
626 117 627
627 116 626
628 245 629
629 244 628
630 563 631
631 562 630
632 165 633
633 164 632
634 427 635
635 426 634
636 173 637
637 172 636
638 603 639
639 602 638
640 293 641
641 292 640
642 877 643
643 876 642
644 719 645
645 718 644
646 1353 647
647 1352 646
648 185 649
649 184 648
650 1101 651
651 1100 650
652 609 653
653 608 652
654 423 655
655 422 654
656 215 657
657 214 656
658 1225 659
659 1224 658
660 229 661
661 228 660
662 183 663
663 182 662
664 1223 665
665 1222 664
666 715 667
667 714 666
668 937 669
669 936 668
670 887 671
671 886 670
672 711 673
673 710 672
674 913 675
675 912 674
676 989 677
677 988 676
678 1031 679
679 1030 678
680 51 681
681 50 680
682 647 683
683 646 682
684 257 685
685 256 684
686 559 687
687 558 686
688 1093 689
689 1092 688
690 179 691
691 178 690
692 1105 693
693 1104 692
694 1025 695
695 1024 694
696 947 697
697 946 696
698 903 699
699 902 698
700 975 701
701 974 700
702 715 703
703 714 702
704 1217 705
705 1216 704
706 227 707
707 226 706
708 253 709
709 252 708
710 995 711
711 994 710
712 1277 713
713 1276 712
714 343 715
715 342 714
716 619 717
717 618 716
718 1083 719
719 1082 718
720 271 721
721 270 720
722 1269 723
723 1268 722
724 275 725
725 274 724
726 345 727
727 344 726
728 683 729
729 682 728
730 483 731
731 482 730
732 471 733
733 470 732
734 707 735
735 706 734
736 727 737
737 726 736
738 75 739
739 74 738
740 959 741
741 958 740
742 1357 743
743 1356 742
744 187 745
745 186 744
746 649 747
747 648 746
748 659 749
749 658 748
750 343 751
751 342 750
752 1331 753
753 1330 752
754 785 755
755 784 754
756 25 757
757 24 756
758 151 759
759 150 758
760 1231 761
761 1230 760
762 689 763
763 688 762
764 1295 765
765 1294 764
766 775 767
767 774 766
768 459 769
769 458 768
770 539 771
771 538 770
772 145 773
773 144 772
774 629 775
775 628 774
776 65 777
777 64 776
778 365 779
779 364 778
780 1025 781
781 1024 780
782 305 783
783 304 782
784 871 785
785 870 784
786 713 787
787 712 786
788 721 789
789 720 788
790 475 791
791 474 790
792 115 793
793 114 792
794 739 795
795 738 794
796 833 797
797 832 796
798 1119 799
799 1118 798
800 1227 801
801 1226 800
802 1187 803
803 1186 802
804 981 805
805 980 804
806 169 807
807 168 806
808 1139 809
809 1138 808
810 991 811
811 990 810
812 425 813
813 424 812
814 27 815
815 26 814
816 1317 817
817 1316 816
818 113 819
819 112 818
820 205 821
821 204 820
822 1035 823
823 1034 822
824 105 825
825 104 824
826 91 827
827 90 826
828 1289 829
829 1288 828
830 123 831
831 122 830
832 749 833
833 748 832
834 491 835
835 490 834
836 983 837
837 982 836
838 445 839
839 444 838
840 1337 841
841 1336 840
842 1287 843
843 1286 842
844 815 845
845 814 844
846 367 847
847 366 846
848 433 849
849 432 848
850 945 851
851 944 850
852 141 853
853 140 852
854 623 855
855 622 854
856 941 857
857 940 856
858 791 859
859 790 858
860 491 861
861 490 860
862 841 863
863 840 862
864 777 865
865 776 864
866 739 867
867 738 866
868 319 869
869 318 868
870 589 871
871 588 870
872 1059 873
873 1058 872
874 163 875
875 162 874
876 111 877
877 110 876
878 1213 879
879 1212 878
880 431 881
881 430 880
882 1025 883
883 1024 882
884 1077 885
885 1076 884
886 377 887
887 376 886
888 105 889
889 104 888
890 31 891
891 30 890
892 699 893
893 698 892
894 669 895
895 668 894
896 239 897
897 238 896
898 527 899
899 526 898
900 293 901
901 292 900
902 541 903
903 540 902
904 791 905
905 790 904
906 455 907
907 454 906
908 817 909
909 816 908
910 283 911
911 282 910
912 809 913
913 808 912
914 1351 915
915 1350 914
916 1167 917
917 1166 916
918 351 919
919 350 918
920 83 921
921 82 920
922 795 923
923 794 922
924 889 925
925 888 924
926 177 927
927 176 926
928 559 929
929 558 928
930 721 931
931 720 930
932 835 933
933 834 932
934 607 935
935 606 934
936 1055 937
937 1054 936
938 225 939
939 224 938
940 1299 941
941 1298 940
942 509 943
943 508 942
944 1237 945
945 1236 944
946 337 947
947 336 946
948 1305 949
949 1304 948
950 409 951
951 408 950
952 21 953
953 20 952
954 1121 955
955 1120 954
956 915 957
957 914 956
958 309 959
959 308 958
960 1115 961
961 1114 960
962 803 963
963 802 962
964 517 965
965 516 964
966 1151 967
967 1150 966
968 1275 969
969 1274 968
970 449 971
971 448 970
972 359 973
973 358 972
974 1189 975
975 1188 974
976 1181 977
977 1180 976
978 1203 979
979 1202 978
980 67 981
981 66 980
982 537 983
983 536 982
984 1237 985
985 1236 984
986 135 987
987 134 986
988 175 989
989 174 988
990 695 991
991 694 990
992 81 993
993 80 992
994 23 995
995 22 994
996 705 997
997 704 996
998 1101 999
999 1100 998
1000 269 1001
1001 268 1000
1002 675 1003
1003 674 1002
1004 379 1005
1005 378 1004
1006 1155 1007
1007 1154 1006
1008 151 1009
1009 150 1008
1010 1149 1011
1011 1148 1010
1012 1087 1013
1013 1086 1012
1014 1077 1015
1015 1076 1014
1016 565 1017
1017 564 1016
1018 103 1019
1019 102 1018
1020 361 1021
1021 360 1020
1022 587 1023
1023 586 1022
1024 625 1025
1025 624 1024
1026 437 1027
1027 436 1026
1028 1321 1029
1029 1320 1028
1030 813 1031
1031 812 1030
1032 1075 1033
1033 1074 1032
1034 1129 1035
1035 1128 1034
1036 11 1037
1037 10 1036
1038 415 1039
1039 414 1038
1040 413 1041
1041 412 1040
1042 777 1043
1043 776 1042
1044 227 1045
1045 226 1044
1046 669 1047
1047 668 1046
1048 287 1049
1049 286 1048
1050 223 1051
1051 222 1050
1052 949 1053
1053 948 1052
1054 461 1055
1055 460 1054
1056 615 1057
1057 614 1056
1058 669 1059
1059 668 1058
1060 45 1061
1061 44 1060
1062 197 1063
1063 196 1062
1064 823 1065
1065 822 1064
1066 1047 1067
1067 1046 1066
1068 285 1069
1069 284 1068
1070 319 1071
1071 318 1070
1072 1081 1073
1073 1080 1072
1074 1269 1075
1075 1268 1074
1076 913 1077
1077 912 1076
1078 143 1079
1079 142 1078
1080 407 1081
1081 406 1080
1082 661 1083
1083 660 1082
1084 871 1085
1085 870 1084
1086 1055 1087
1087 1054 1086
1088 375 1089
1089 374 1088
1090 753 1091
1091 752 1090
1092 1235 1093
1093 1234 1092
1094 389 1095
1095 388 1094
1096 489 1097
1097 488 1096
1098 349 1099
1099 348 1098
1100 857 1101
1101 856 1100
1102 883 1103
1103 882 1102
1104 173 1105
1105 172 1104
1106 445 1107
1107 444 1106
1108 943 1109
1109 942 1108
1110 291 1111
1111 290 1110
1112 249 1113
1113 248 1112
1114 1127 1115
1115 1126 1114
1116 1051 1117
1117 1050 1116
1118 1067 1119
1119 1066 1118
1120 939 1121
1121 938 1120
1122 153 1123
1123 152 1122
1124 209 1125
1125 208 1124
1126 65 1127
1127 64 1126
1128 679 1129
1129 678 1128
1130 507 1131
1131 506 1130
1132 251 1133
1133 250 1132
1134 27 1135
1135 26 1134
1136 35 1137
1137 34 1136
1138 669 1139
1139 668 1138
1140 1075 1141
1141 1074 1140
1142 1071 1143
1143 1070 1142
1144 1103 1145
1145 1102 1144
1146 821 1147
1147 820 1146
1148 915 1149
1149 914 1148
1150 463 1151
1151 462 1150
1152 961 1153
1153 960 1152
1154 871 1155
1155 870 1154
1156 1299 1157
1157 1298 1156
1158 225 1159
1159 224 1158
1160 1163 1161
1161 1162 1160
1162 61 1163
1163 60 1162
1164 21 1165
1165 20 1164
1166 45 1167
1167 44 1166
1168 95 1169
1169 94 1168
1170 163 1171
1171 162 1170
1172 769 1173
1173 768 1172
1174 1255 1175
1175 1254 1174
1176 1313 1177
1177 1312 1176
1178 165 1179
1179 164 1178
1180 47 1181
1181 46 1180
1182 1165 1183
1183 1164 1182
1184 317 1185
1185 316 1184
1186 7 1187
1187 6 1186
1188 665 1189
1189 664 1188
1190 525 1191
1191 524 1190
1192 1095 1193
1193 1094 1192
1194 499 1195
1195 498 1194
1196 1135 1197
1197 1134 1196
1198 1303 1199
1199 1302 1198
1200 1113 1201
1201 1112 1200
1202 1085 1203
1203 1084 1202
1204 1249 1205
1205 1248 1204
1206 981 1207
1207 980 1206
1208 603 1209
1209 602 1208
1210 641 1211
1211 640 1210
1212 999 1213
1213 998 1212
1214 461 1215
1215 460 1214
1216 1185 1217
1217 1184 1216
1218 105 1219
1219 104 1218
1220 443 1221
1221 442 1220
1222 759 1223
1223 758 1222
1224 809 1225
1225 808 1224
1226 813 1227
1227 812 1226
1228 1065 1229
1229 1064 1228
1230 547 1231
1231 546 1230
1232 675 1233
1233 674 1232
1234 665 1235
1235 664 1234
1236 113 1237
1237 112 1236
1238 19 1239
1239 18 1238
1240 601 1241
1241 600 1240
1242 663 1243
1243 662 1242
1244 633 1245
1245 632 1244
1246 1351 1247
1247 1350 1246
1248 399 1249
1249 398 1248
1250 1087 1251
1251 1086 1250
1252 925 1253
1253 924 1252
1254 861 1255
1255 860 1254
1256 377 1257
1257 376 1256
1258 49 1259
1259 48 1258
1260 539 1261
1261 538 1260
1262 365 1263
1263 364 1262
1264 927 1265
1265 926 1264
1266 937 1267
1267 936 1266
1268 741 1269
1269 740 1268
1270 1033 1271
1271 1032 1270
1272 837 1273
1273 836 1272
1274 1105 1275
1275 1104 1274
1276 841 1277
1277 840 1276
1278 25 1279
1279 24 1278
1280 1235 1281
1281 1234 1280
1282 843 1283
1283 842 1282
1284 1327 1285
1285 1326 1284
1286 1239 1287
1287 1238 1286
1288 1097 1289
1289 1096 1288
1290 1251 1291
1291 1250 1290
1292 1285 1293
1293 1284 1292
1294 1219 1295
1295 1218 1294
1296 181 1297
1297 180 1296
1298 765 1299
1299 764 1298
1300 529 1301
1301 528 1300
1302 271 1303
1303 270 1302
1304 787 1305
1305 786 1304
1306 411 1307
1307 410 1306
1308 99 1309
1309 98 1308
1310 171 1311
1311 170 1310
1312 493 1313
1313 492 1312
1314 373 1315
1315 372 1314
1316 823 1317
1317 822 1316
1318 83 1319
1319 82 1318
1320 147 1321
1321 146 1320
1322 251 1323
1323 250 1322
1324 1067 1325
1325 1066 1324
1326 435 1327
1327 434 1326
1328 1303 1329
1329 1302 1328
1330 1101 1331
1331 1100 1330
1332 735 1333
1333 734 1332
1334 951 1335
1335 950 1334
1336 1035 1337
1337 1034 1336
1338 773 1339
1339 772 1338
1340 743 1341
1341 742 1340
1342 1215 1343
1343 1214 1342
1344 1327 1345
1345 1326 1344
1346 525 1347
1347 524 1346
1348 817 1349
1349 816 1348
1350 507 1351
1351 506 1350
1352 741 1353
1353 740 1352
1354 1309 1355
1355 1308 1354
1356 11 1357
1357 10 1356
